0.69067
0.69420
0.68226
0.69638
0.68649
0.68085
0.67417
0.66944
0.67253
0.63166
0.58853
0.62045
0.61710
0.58886
0.58267
0.58840
0.62502
0.60344
0.63489
0.58045
0.52845
0.57924
0.55913
0.55828
0.53802
0.56523
0.49213
0.55636
0.51465
0.53232
0.56387
0.53040
0.60049
0.50150
0.51634
0.67946
0.64125
0.58334
0.58337
0.58881
0.56343
0.50265
0.55142
0.53898
0.52088
0.54322
0.52235
0.50241
0.53493
0.55922
0.52678
0.42953
0.56025
0.47363
0.51976
0.50804
0.42591
0.49292
0.51094
0.50826
0.52754
0.51209
0.46926
0.49154
0.44434
0.49272
0.45797
0.44607
0.48609
0.51261
0.53318
0.44061
0.50948
0.43287
0.46946
0.46013
0.40727
0.46206
0.53885
0.43404
0.41347
0.42035
0.51226
0.47251
0.43502
0.38573
0.47875
0.39635
0.47766
0.40317
0.46620
0.47968
0.42418
0.38385
0.46156
0.48921
0.39282
0.53480
0.47050
0.42932
0.38037
0.42488
0.40991
0.41211
0.41594
0.43679
0.38611
0.46632
0.42508
0.40493
0.39081
0.43399
0.42725
0.44052
0.46929
0.34304
0.48007
0.46565
0.33586
0.42651
0.40718
0.34675
0.34250
0.39147
0.40861
0.39547
0.43431
0.46047
0.35840
0.44727
0.41213
0.34081
0.45195
0.37225
0.38492
0.46661
0.36268
0.43098
0.43673
0.44279
0.39882
0.39618
0.40129
0.37591
0.33299
0.40460
0.30826
0.27870
0.36576
0.33996
0.36023
0.37519
0.32944
0.41190
0.38709
0.37056
0.42331
0.36134
0.35943
0.30902
0.45338
0.38666
0.27636
0.36469
0.34900
0.29202
0.36785
0.32764
0.34882
0.35642
0.36133
0.35844
0.32888
0.37405
0.41295
0.33075
0.36092
0.41222
0.31381
0.40725
0.37603
0.41486
0.31573
0.30690
0.39552
0.35943
0.41246
0.32875
0.41286
0.33783
0.31261
0.35238
0.37133
0.29136
0.35576
0.39755
0.33741
0.31697
0.33506
0.40324
0.36377
0.31730
0.32240
0.33837
0.38651
0.28835
0.32363
0.34567
0.35313
0.30835
0.34024
0.36719
0.31554
0.34287
0.36277
0.27069
0.26635
0.33969
0.33175
0.34380
0.38282
0.34846
0.29439
0.33653
0.28024
0.31391
0.26958
0.31459
0.30200
0.36453
0.32972
0.28878
0.28098
0.31655
0.30997
0.31781
0.36337
0.35216
0.22710
0.36881
0.33606
0.26728
0.27951
0.32968
0.31872
0.26464
0.28901
0.30674
0.30002
0.30404
0.31216
0.33986
0.29619
0.35077
0.38428
0.24967
0.31684
0.37857
0.35686
0.28997
0.28503
0.25760
0.24447
0.42202
0.27929
0.29583
0.34174
0.26624
0.37175
0.34724
0.30978
0.34651
0.29297
0.36136
0.33963
0.27631
0.31665
0.30306
0.29864
0.32799
0.32938
0.32309
0.32612
0.34850
0.18694
0.28689
0.32418
0.28931
0.23756
0.25680
0.21519
0.28245
0.25880
0.28373
0.22810
0.22210
0.28925
0.29287
0.25918
0.25071
0.22743
0.28237
0.27032
0.35041
0.28003
0.29193
0.27271
0.33886
0.25754
0.29330
0.38991
0.37173
0.27040
0.35138
0.29003
0.25064
0.28374
0.33101
0.29204
0.36034
0.33909
0.28380
0.30318
0.25367
0.24357
0.23723
0.25225
0.35321
0.29239
0.22804
0.35412
0.25874
0.23397
0.31010
0.21972
0.27920
0.27068
0.27026
0.27184
0.30724
0.27857
0.29893
0.25456
0.27994
0.27468
0.24165
0.34616
0.22791
0.32417
0.29570
0.24787
0.30475
0.35489
0.35571
0.28806
0.25564
0.26455
0.30295
0.32854
0.26854
0.24545
0.33925
0.31727
0.26807
0.27972
0.26803
0.19588
0.19420
0.18871
0.23391
0.30546
0.25758
0.22044
0.19922
0.37228
0.17290
0.28876
0.23791
0.22035
0.35852
0.28154
0.33776
0.22451
0.31670
0.27426
0.24196
0.33039
0.27354
0.27998
0.23838
0.25745
0.26547
0.22812
0.26363
0.27484
0.33346
0.18905
0.24786
0.21222
0.27947
0.24204
0.33625
0.26095
0.32840
0.27536
0.23068
0.30239
0.29680
0.19907
0.27196
0.21111
0.19319
0.22022
0.20558
0.27945
0.26014
0.29998
0.28160
0.22467
0.17563
0.20283
0.17986
0.24635
0.26460
0.24009
0.21852
0.24984
0.20677
0.22766
0.23426
0.29056
0.15667
0.23130
0.19821
0.28748
0.19882
0.19952
0.21573
0.22500
0.32187
0.21031
0.25746
0.26945
0.27076
0.25271
0.16763
0.18600
0.27630
0.22246
0.27857
0.17351
0.21120
0.22347
0.28370
0.25567
0.24735
0.15762
0.26133
0.17051
0.29995
0.20358
0.19813
0.24279
0.26180
0.27142
0.26694
0.23995
0.28803
0.26154
0.25568
0.21698
0.21118
0.22285
0.22491
0.27283
0.22155
0.21165
0.25785
0.28808
0.20157
0.34145
0.21345
0.25117
0.27640
0.20794
0.20519
0.17541
0.26887
0.25811
0.24848
0.18752
0.28821
0.22140
0.28381
0.23005
0.22904
0.24313
0.23774
0.19447
0.21006
0.26682
0.25465
0.24918
0.22429
0.22941
0.15898
0.24064
0.16232
0.20585
0.17565
0.13812
0.24461
0.21288
0.23921
0.30947
0.18544
0.16708
0.22083
0.21110
0.28457
0.21850
0.21645
0.18712
0.24596
0.22442
0.20588
0.24322
0.17378
0.23797
0.29952
0.21956
0.23844
0.24524
0.22760
0.17952
0.22020
0.19466
0.24008
0.23476
0.15713
0.17608
0.16309
0.18670
0.20193
0.20636
0.19290
0.21706
0.19083
0.14626
0.17615
0.21866
0.27168
0.23002
0.25379
0.22781
0.18334
0.26844
0.18351
0.18829
0.18571
0.19520
0.23026
0.19393
0.18963
0.21518
0.22838
0.22199
0.21528
0.14381
0.17615
0.14726
0.19678
0.17955
0.14451
0.16559
0.24706
0.18969
0.18701
0.21513
0.14590
0.20872
0.16267
0.14032
0.18700
0.23939
0.22690
0.18805
0.16259
0.17004
0.26089
0.22318
0.18402
0.20048
0.21327
0.23632
0.18983
0.12161
0.19444
0.14589
0.19193
0.23046
0.23382
0.23298
0.18322
0.13579
0.14584
0.17412
0.10244
0.18637
0.14443
0.14536
0.19340
0.16372
0.19010
0.14736
0.21101
0.24830
0.19451
0.25380
0.20305
0.24457
0.23531
0.22676
0.24854
0.15093
0.15176
0.15278
0.15896
0.19631
0.27524
0.20976
0.19503
0.24457
0.19346
0.18720
0.21769
0.17953
0.22075
0.11209
0.16257
0.19294
0.13222
0.13054
0.13194
0.11184
0.19617
0.21569
0.21283
0.10412
0.15885
0.16281
0.11794
0.17411
0.17488
0.22770
0.19488
0.19261
0.13431
0.14268
0.21863
0.22183
0.19622
0.16386
0.13846
0.10627
0.22575
0.27513
0.11614
0.18364
0.20093
0.19005
0.17919
0.14110
0.19704
0.09890
0.07022
0.21529
0.12275
0.09973
0.16978
0.20301
0.21186
0.16421
0.10013
0.28837
0.20770
0.08101
0.18161
0.12510
0.17741
0.16529
0.17031
0.15271
0.17080
0.16345
0.18545
0.13054
0.18662
0.20663
0.13478
0.13074
0.13781
0.17145
0.21579
0.17630
0.17107
0.21887
0.17316
0.13837
0.12152
