0.68843
0.69456
0.68968
0.68114
0.67315
0.65128
0.64346
0.54161
0.57799
0.67917
0.58162
0.51601
0.55313
0.58664
0.50634
0.51891
0.55848
0.53260
0.53263
0.48127
0.53993
0.52628
0.51376
0.47588
0.51229
0.49419
0.56113
0.54036
0.50325
0.46581
0.52477
0.44805
0.45329
0.45892
0.53420
0.54892
0.54034
0.49904
0.51985
0.53422
0.48921
0.44903
0.55281
0.49410
0.48588
0.43877
0.43443
0.47238
0.43311
0.51615
0.45844
0.49099
0.49150
0.42617
0.45136
0.46156
0.46778
0.42850
0.61240
0.50663
0.44822
0.54114
0.45678
0.46074
0.44524
0.52150
0.35817
0.48585
0.45100
0.47161
0.46797
0.44556
0.43994
0.41616
0.41766
0.41182
0.41766
0.44730
0.48524
0.43076
0.43619
0.43425
0.46317
0.41636
0.46907
0.43846
0.44101
0.49531
0.50573
0.40991
0.40967
0.39732
0.48017
0.48195
0.50176
0.38714
0.49960
0.43481
0.45082
0.40268
0.36105
0.45015
0.38986
0.46068
0.34970
0.42385
0.38539
0.43953
0.36276
0.37478
0.38985
0.43889
0.35007
0.42096
0.42031
0.40312
0.43836
0.44381
0.41216
0.38527
0.39615
0.39221
0.44009
0.40261
0.44329
0.39756
0.37590
0.41388
0.36813
0.42882
0.41586
0.41041
0.42496
0.42762
0.44515
0.49635
0.41935
0.40958
0.36776
0.42330
0.36280
0.39163
0.41322
0.38808
0.38536
0.40770
0.29699
0.50139
0.40518
0.41384
0.48893
0.33772
0.40502
0.36986
0.31834
0.37449
0.35938
0.40959
0.31628
0.36931
0.37758
0.39277
0.37367
0.49117
0.38627
0.39846
0.36832
0.37406
0.39437
0.29144
0.42960
0.34087
0.41024
0.39206
0.42666
0.36643
0.28249
0.35354
0.37402
0.39289
0.42680
0.35727
0.39897
0.35226
0.35203
0.36465
0.39017
0.35021
0.37926
0.34070
0.26614
0.37076
0.38952
0.41051
0.36867
0.29885
0.42313
0.35579
0.34627
0.35666
0.33283
0.36758
0.45439
0.37545
0.30977
0.30572
0.35032
0.40035
0.39971
0.32277
0.38884
0.36143
0.30309
0.39546
0.36034
0.37708
0.31109
0.42514
0.32327
0.38595
0.31567
0.32500
0.36000
0.33826
0.35026
0.25547
0.34732
0.38792
0.39201
0.31567
0.32878
0.36360
0.34807
0.36117
0.33304
0.40204
0.31128
0.42306
0.34283
0.35642
0.41750
0.24208
0.32239
0.36975
0.34139
0.33664
0.36888
0.33142
0.38824
0.36554
0.29970
0.31154
0.41203
0.30811
0.38105
0.37596
0.25985
0.39540
0.32709
0.28708
0.22427
0.37990
0.34360
0.28663
0.33145
0.26895
0.37264
0.27511
0.34770
0.38169
0.40989
0.39148
0.28535
0.38301
0.38003
0.33871
0.25746
0.32240
0.30115
0.33964
0.31922
0.34116
0.27238
0.27759
0.28305
0.37074
0.31450
0.31980
0.32685
0.31707
0.26589
0.32402
0.31564
0.29712
0.34778
0.29888
0.32081
0.31349
0.33328
0.25094
0.30415
0.25450
0.31504
0.38786
0.21605
0.36630
0.29932
0.35494
0.29168
0.35301
0.25431
0.21534
0.31681
0.36334
0.33207
0.30856
0.31123
0.31778
0.26689
0.36438
0.33267
0.26226
0.27312
0.34015
0.30796
0.35302
0.34628
0.34592
0.34827
0.26656
0.27236
0.29047
0.32900
0.36933
0.30457
0.36043
0.28124
0.27968
0.26929
0.34212
0.20462
0.32365
0.31371
0.27743
0.31258
0.31354
0.39378
0.26595
0.28801
0.33922
0.28891
0.34496
0.36088
0.26804
0.31043
0.27869
0.33474
0.30944
0.32082
0.30543
0.29072
0.29859
0.22244
0.29244
0.29085
0.32334
0.29436
0.29782
0.30548
0.26322
0.27401
0.24986
0.27574
0.32496
0.29714
0.30860
0.30550
0.31139
0.24319
0.25332
0.30331
0.32839
0.26506
0.35813
0.22111
0.30922
0.27328
0.30617
0.29990
0.25034
0.29064
0.28269
0.28713
0.23689
0.26993
0.34991
0.32817
0.30544
0.27669
0.23366
0.32325
0.32797
0.30861
0.32411
0.28141
0.23296
0.36249
0.24241
0.32931
0.26826
0.35368
0.23051
0.31151
0.38409
0.32361
0.28010
0.24397
0.22217
0.33354
0.27737
0.27051
0.24169
0.28220
0.28818
0.31539
0.25681
0.24613
0.22543
0.32920
0.21408
0.29024
0.26232
0.24332
0.22610
0.35180
0.28838
0.31213
0.22062
0.29483
0.30530
0.27680
0.29127
0.23578
0.32004
0.31115
0.26347
0.23505
0.26499
0.25000
0.26421
0.29393
0.27966
0.29073
0.26274
0.26127
0.20722
0.26565
0.32403
0.27937
0.32996
0.21075
0.21288
0.28177
0.29377
0.35266
0.25025
0.28776
0.28266
0.29459
0.24465
0.29685
0.29246
0.27919
0.26938
0.22717
0.24912
0.26099
0.28356
0.28763
0.28083
0.26284
0.24344
0.24269
0.30848
0.20686
0.24975
0.24183
0.25813
0.14329
0.38864
0.28175
0.24985
0.20828
0.22807
0.22950
0.30167
0.22213
0.19352
0.20607
0.29655
0.24927
0.29456
0.19695
0.22288
0.27120
0.27012
0.24870
0.23302
0.29043
0.20751
0.20313
0.24705
0.23245
0.17840
0.20259
0.28222
0.30765
0.24753
0.23482
0.34512
0.27261
0.25668
0.24325
0.28944
0.27196
0.32233
0.26786
0.19263
0.34169
0.22814
0.26405
0.21014
0.25938
0.22281
0.25776
0.24028
0.26602
0.25564
0.23550
0.26604
0.22362
0.24802
0.21290
0.24226
0.22549
0.24030
0.23173
0.26959
0.24982
0.19839
0.27471
0.24434
0.25809
0.23516
0.25746
0.21989
0.23315
0.18436
0.27756
0.22439
0.26850
0.25256
0.22642
0.14514
0.28779
0.19824
0.26017
0.24607
0.22911
0.19784
0.25020
0.21219
0.19947
0.20181
0.19843
0.17572
0.25420
0.20890
0.24349
0.19308
0.24885
0.17558
0.25091
0.23682
0.24918
0.20487
0.21668
0.21205
0.20213
0.23848
0.17779
0.28305
0.25218
0.25794
0.25220
0.24102
0.19798
0.26682
0.12699
0.25303
0.23606
0.22310
0.27374
0.27133
0.15933
0.26333
0.22749
0.21401
0.28863
0.18222
0.26951
0.19430
0.26100
0.19459
0.23162
0.20680
0.25430
0.20542
0.27772
0.21914
0.23341
0.24647
0.21117
0.25039
0.25038
0.21042
0.23998
0.24351
0.19561
0.17636
0.19834
0.20964
0.28031
0.24128
0.21336
0.24509
0.20133
0.20815
0.29452
0.16822
0.26782
0.18110
0.22004
0.22200
0.22625
0.18372
0.14201
0.19298
0.18196
0.17912
0.22704
0.21844
0.23489
0.20545
0.21173
0.19980
0.21681
0.24051
0.20084
0.18327
0.20073
0.25036
0.21364
0.19573
0.23515
0.19977
0.18855
0.21862
0.19732
0.28886
0.18959
0.22101
0.22745
0.18651
0.17631
0.17913
0.11478
0.20977
0.25273
0.25259
0.20587
0.20297
0.15757
0.23324
0.13877
0.15838
0.19921
0.14972
0.17588
0.19853
0.21756
0.26559
0.19624
0.19210
0.22411
0.22567
0.18672
0.18398
0.29214
0.16938
0.20949
0.13853
0.13541
0.17299
0.18595
0.22096
0.25378
0.20097
0.24243
0.19915



Overall classification accuracy: 86.05%


Number of positive reviews tested: 1911


Number of negative reviews tested: 1652


Displaying the confusion matrix:

                      predicted negative    predicted positive

true negative:               87.47%             12.53%
true positive:              15.228%            84.772%